[cover.jpg]
filters=finetune2=1,0.000000,0.000000,0.000000,00000000,-0.614035;bw=1;finetune2=1,0.830409,0.000000,0.000000,00000000,0.000000;finetune2=1,0.000000,0.000000,0.204912,00000000,0.000000;
moddate=0000019edcd40000
width=2560
height=1024
textactive=0
